1,161634.46875
2,69463.5859375
3,124812.605469
4,90633.0625
5,119629.730469
6,184386.085938
7,197074.210938
8,189123.515625
9,311298.3125
10,32529.3769531
11,186578.320312
12,160352.484375
13,32437.5517578
14,120168.335938
15,223373.929688
16,283863.320312
17,313287.09375
18,43499.2597656
19,59407.7714844
20,124225.519531
21,37206.4277344
22,208261.335938
23,54700.1152344
24,203909.554688
25,48300.625
26,159742.695312
27,143167.945312
28,525638.5
29,362617.5
30,77475.9609375
31,45849.7832031
32,188454.601562
33,57527.9296875
34,180261.46875
35,109707.125
36,173406.742188
37,52762.3476562
38,151231.09375
39,378393.515625
40,134751.121094
41,171626.898438
42,43647.6230469
43,22486.5166016
44,160005.648438
45,138707.59375
46,265378.828125
47,176809.554688
48,186932.5
49,206929.0625
50,246741.867188
51,94077.6132812
52,43417.140625
53,69769.9980469
54,149864.324219
55,99743.484375
56,48396.015625
57,54544.875
58,83381.2304688
59,101845.265625
60,66607.84375
61,48855.8496094
62,169496.109375
63,34949.3916016
64,253650.1875
65,27669.9345703
66,89414.90625
67,52262.0371094
68,147762.671875
69,178913.554688
70,178041.828125
71,193537.078125
72,201861.148438
73,213003.609375
74,29799.2636719
75,214913.359375
76,82520.0234375
77,30804.7607422
78,362098.640625
79,193543.03125
80,330317.296875
81,242245.109375
82,185712.679688
83,108425.0
84,201708.765625
85,227443.460938
86,112200.136719
87,222541.460938
88,82714.3007812
89,437143.875
90,164968.523438
91,30575.484375
92,65088.0078125
93,245938.492188
94,71471.359375
95,237228.84375
96,379657.015625
97,45109.6308594
98,120211.59375
99,51342.5859375
100,44520.0683594
101,162953.976562
102,246264.390625
103,79278.4257812
104,18625.4492188
105,85901.2148438
106,67825.2441406
107,82602.3046875
108,109891.082031
109,192529.804688
110,55266.8398438
111,271450.679688
112,82676.5585938
113,47542.7519531
114,55101.9433594
115,20948.53125
116,401037.65625
117,173874.523438
118,53526.5
119,226310.054688
120,180722.8125
121,259925.1875
122,63491.5976562
123,272099.78125
124,135547.8125
125,173245.179688
126,24737.2011719
127,311659.265625
128,112147.472656
129,239470.5625
130,424695.0625
131,58065.3144531
132,59511.0839844
133,80191.1523438
134,45263.0800781
135,48550.2128906
136,48475.8515625
137,181065.46875
138,187855.445312
139,96986.3164062
140,29456.5878906
141,124338.777344
142,334633.578125
143,28373.0439453
144,71843.5742188
145,68330.078125
146,49679.1875
147,487544.765625
148,119024.109375
149,268954.375
150,208578.328125
151,179068.023438
152,53184.9121094
153,55820.5195312
154,247923.726562
155,311745.109375
156,83497.8046875
157,74095.7851562
158,375297.109375
159,193884.351562
160,203072.984375
161,49993.0585938
162,121810.066406
163,32245.2207031
164,241774.570312
165,153931.140625
166,129358.042969
167,69390.4707031
168,273561.328125
169,128193.550781
170,50628.9453125
171,408579.65625
172,92263.1289062
173,334072.921875
174,100439.605469
175,37297.3476562
176,199212.648438
177,197403.75
178,127929.875
179,126199.699219
180,181453.296875
181,326156.265625
182,189731.265625
183,412235.046875
184,50111.1484375
185,29169.3085938
186,433035.65625
187,223689.171875
188,39510.2685547
189,149237.132812
190,190630.9375
191,179174.976562
192,212406.984375
193,139210.457031
194,103588.722656
195,28764.90625
196,112552.605469
197,150906.960938
198,184519.742188
199,130747.210938
200,361563.84375
201,177241.007812
202,88597.2695312
203,99954.203125
204,35406.6191406
205,45289.9609375
206,38181.1347656
207,62685.0566406
208,364622.234375
209,46097.2851562
210,173808.328125
211,36284.7949219
212,253909.773438
213,88542.3984375
214,168966.695312
215,28537.8359375
216,97153.8398438
217,149256.554688
218,206842.375
219,64634.0664062
220,179602.117188
221,193805.742188
222,294110.828125
223,76640.5195312
224,258722.710938
225,56738.3867188
226,27963.8876953
227,50775.0820312
228,213089.382812
229,170952.929688
230,293334.78125
231,155648.976562
232,29616.5429688
233,29735.0273438
234,139232.828125
235,35597.7265625
236,162616.9375
237,212805.78125
238,190211.5625
239,297861.140625
240,217697.375
241,95451.1171875
242,71386.4941406
243,150304.515625
244,98356.7460938
245,261179.242188
246,106287.816406
247,72436.1132812
248,126507.402344
249,102333.019531
250,267653.15625
251,187568.359375
252,126257.328125
253,143178.21875
254,32320.6210938
255,67223.0996094
256,249729.273438
257,69221.78125
258,248912.53125
259,99849.5742188
260,196978.789062
261,41668.5244141
262,170440.117188
263,32905.7705078
264,379987.1875
265,105733.164062
266,53016.6582031
267,58261.5351562
268,114264.039062
269,57621.6484375
270,118454.363281
271,277406.382812
272,78309.5195312
273,71567.4296875
274,27143.8876953
275,91446.71875
276,72989.2597656
277,491672.5
278,43356.96875
279,194200.265625
280,379928.65625
281,209067.65625
282,120461.90625
283,58794.7832031
284,105384.378906
285,39320.5136719
286,268395.078125
287,222189.609375
288,306175.625
289,93935.7109375
290,27712.9511719
291,60830.3710938
292,415000.40625
293,135723.847656
294,34719.7050781
295,91494.6054688
296,92012.8828125
297,96110.0585938
298,120917.835938
299,66883.6835938
300,31666.3408203
301,110984.488281
302,236274.734375
303,108061.507812
304,108761.152344
305,333521.9375
306,81561.1367188
307,108028.472656
308,144380.460938
309,88774.859375
310,70789.7539062
311,133378.894531
312,277658.195312
313,51869.625
314,217702.773438
315,54418.7695312
316,41131.1777344
317,238299.59375
318,53878.3222656
319,37754.1748047
320,49028.0058594
321,90354.5703125
322,60698.3828125
323,250232.265625
324,37050.8808594
325,41111.7207031
326,66278.3867188
327,176439.164062
328,322137.03125
329,110919.773438
330,343162.078125
331,100838.566406
332,47775.359375
333,53199.6992188
334,243432.429688
335,139629.578125
336,250145.015625
337,223898.703125
338,75296.6875
339,60725.1582031
340,24674.5488281
341,121377.605469
342,59248.1484375
343,224257.125
344,86185.34375
345,44873.2373047
346,77792.4492188
347,138934.132812
348,120718.265625
349,235327.882812
350,174661.109375
351,222846.023438
352,243472.664062
353,312771.84375
354,61124.6035156
355,99471.890625
356,135649.65625
357,227446.6875
358,44379.1757812
359,50571.0839844
360,40276.1054688
361,178599.523438
362,22993.5712891
363,173317.335938
364,65130.2011719
365,55701.7421875
366,32151.8662109
367,58249.0839844
368,315397.765625
369,44764.6425781
370,92437.9375
371,332265.171875
372,166321.078125
373,105342.734375
374,24754.9736328
375,67826.6113281
376,26669.6152344
377,37602.6660156
378,54719.1601562
379,73747.7539062
380,95653.1757812
381,23640.3583984
382,147471.46875
383,200748.921875
384,189599.546875
385,196565.054688
386,220503.953125
387,200421.242188
388,40427.3251953
389,278895.765625
390,47928.0957031
391,62139.9335938
392,107587.632812
393,71238.1464844
394,84880.3554688
395,140205.0
396,74264.8007812
397,137305.003906
398,50181.3359375
399,201322.882812
400,166966.523438
401,24347.8398438
402,207598.632812
403,376822.03125
404,44694.1523438
405,190180.695312
406,232402.742188
407,303469.765625
408,114607.730469
409,44809.0839844
410,49751.1757812
411,84862.4375
412,110075.992188
413,169635.375
414,82389.6992188
415,36251.4921875
416,300589.59375
417,133863.597656
418,327391.328125
419,283014.835938
420,318449.6875
421,36886.6269531
422,290184.203125
423,49393.5585938
424,47152.3378906
425,68123.9257812
426,34020.4824219
427,175840.59375
428,379990.390625
429,330480.03125
430,41725.1972656
431,183769.796875
432,96425.0742188
433,89150.328125
434,379883.453125
435,29189.0351562
436,48950.8261719
437,51224.6679688
438,34984.1875
439,51638.4140625
440,27299.5566406
441,54640.9882812
442,101904.226562
443,51314.8359375
444,101149.691406
445,52388.515625
446,118027.925781
447,11326.3598633
448,80525.6679688
449,175497.140625
450,100632.929688
451,102443.765625
452,214762.125
453,206740.734375
454,125191.046875
455,143482.898438
456,220167.085938
457,29274.8427734
458,60635.1875
459,211821.359375
460,109850.695312
461,152804.460938
462,346053.28125
463,238848.875
464,133349.425781
465,221136.375
466,142729.664062
467,221606.257812
468,32731.2041016
469,24403.2099609
470,86765.90625
471,447633.9375
472,135993.726562
473,163828.96875
474,50928.46875
475,38056.953125
476,82511.5390625
477,18842.2011719
478,379956.75
479,37269.2568359
480,102612.261719
481,112671.433594
482,79143.203125
483,144094.28125
484,145889.9375
485,161369.515625
486,288741.304688
487,191819.242188
488,126439.679688
489,239872.617188
490,34889.5996094
491,114288.476562
492,189722.65625
493,69844.0117188
494,118325.492188
495,143439.4375
496,111990.625
497,74037.9609375
498,30270.9072266
499,195047.429688
500,37837.9404297
501,28454.8574219
502,39025.0742188
503,302193.75
504,160063.265625
505,54029.3964844
506,38283.0898438
507,213817.9375
508,252364.109375
509,52983.8535156
510,220454.1875
511,61532.625
512,36962.5410156
513,28052.2548828
514,38317.4238281
515,234613.3125
516,52075.7207031
517,415486.59375
518,62227.6503906
519,106512.0625
520,121275.699219
521,225526.101562
522,234747.070312
523,278553.3125
524,21406.6889648
525,57488.5019531
526,77658.8476562
527,105262.046875
528,158371.523438
529,196378.632812
530,46958.8125
531,18497.0566406
532,47644.9707031
533,42261.4667969
534,106107.359375
535,219932.664062
536,47648.59375
537,107573.199219
538,132078.070312
539,112947.488281
540,134787.039062
541,149399.734375
542,72462.2578125
543,171271.976562
544,311932.828125
545,97725.3710938
546,58447.5957031
547,37839.7851562
548,58023.4394531
549,70437.8339844
550,133000.496094
551,118287.472656
552,67849.6542969
553,26843.8496094
554,157121.203125
555,228063.101562
556,304623.6875
557,148881.367188
558,46534.4140625
559,129939.78125
560,508101.5625
561,199335.914062
562,78659.0273438
563,92608.7773438
564,31282.8828125
565,240207.859375
566,97689.5273438
567,225404.375
568,55094.4296875
569,66682.6308594
570,279922.046875
571,259965.734375
572,170046.375
573,38070.0703125
574,134617.222656
575,38447.2109375
576,193342.859375
577,30281.2333984
578,131172.480469
579,308804.25
580,179586.367188
581,295707.84375
582,61149.0429688
583,263806.375
584,71796.2773438
585,100622.242188
586,183811.796875
587,41235.09375
588,199790.445312
589,73919.5273438
590,177525.382812
591,211964.101562
592,160433.976562
593,38619.1054688
594,188524.820312
595,297443.078125
596,374124.234375
597,67476.0625
598,290216.5625
599,30102.1591797
600,254198.6875
601,83056.4453125
602,84854.9296875
603,130286.515625
604,197453.882812
605,399923.640625
606,106057.1875
607,46666.4277344
608,57944.1679688
609,43868.0351562
610,38736.9667969
611,81459.421875
612,167447.570312
613,26434.9335938
614,279379.84375
615,252329.5625
616,126257.421875
617,37766.6777344
618,78019.40625
619,331683.0625
620,91436.1914062
621,47254.6621094
622,68725.7460938
623,67288.1445312
624,449177.1875
625,286038.875
626,55765.1386719
627,67574.7167969
628,306119.53125
629,87113.6953125
630,265567.226562
631,109474.972656
632,211342.546875
633,138250.359375
634,161654.546875
635,42407.3925781
636,134120.023438
637,186152.835938
638,260301.78125
639,35489.9746094
640,192516.421875
641,227839.164062
642,54907.7929688
643,216812.578125
644,46518.0234375
645,115894.128906
646,121071.851562
647,310426.375
648,37835.328125
649,240664.757812
650,121649.890625
651,170192.242188
652,203802.953125
653,75540.8125
654,386279.65625
655,185929.59375
656,222887.101562
657,142062.679688
658,23482.9384766
659,33494.0712891
660,426987.0
661,36576.0
662,135875.8125
663,191975.476562
664,357904.328125
665,260483.65625
666,153475.054688
667,70411.53125
668,204493.203125
669,137544.359375
670,51548.0683594
671,367267.40625
672,82305.3984375
673,139629.074219
674,33437.7412109
675,65709.0878906
676,63022.6132812
677,66246.7832031
678,215091.929688
679,54923.0703125
680,234038.078125
681,280015.296875
682,174747.171875
683,136865.765625
684,76578.921875
685,138030.019531
686,346612.671875
687,231320.257812
688,271070.742188
689,92693.2617188
690,216451.742188
691,66931.609375
692,342552.359375
693,116780.984375
694,147977.328125
695,181645.125
696,63989.4335938
697,56820.2265625
698,332996.421875
699,88314.5585938
700,61165.6875
701,169893.476562
702,140233.359375
703,265486.578125
704,118054.355469
705,118939.582031
706,33177.5439453
707,325881.28125
708,76346.4394531
709,107542.734375
710,366112.8125
711,48660.5996094
712,97004.46875
713,175069.6875
714,103994.679688
715,126886.015625
716,104965.003906
717,197624.101562
718,63901.5175781
719,330229.8125
720,149161.132812
721,70678.0390625
722,220322.304688
723,168724.0625
724,163534.46875
725,205053.148438
726,242889.742188
727,32316.5029297
728,74153.8632812
729,88556.34375
730,293663.328125
731,32991.5351562
732,38918.8300781
733,43610.3613281
734,300509.890625
735,24711.3564453
736,310685.25
737,242078.445312
738,146028.101562
739,176529.328125
740,39922.8515625
741,235914.703125
742,206372.59375
743,105909.59375
744,47980.5019531
745,49211.9941406
746,67050.28125
747,151856.53125
748,251518.140625
749,213236.90625
750,53352.5371094
751,355873.03125
752,132509.847656
753,151477.414062
754,56096.8613281
755,316271.875
756,46589.4492188
757,50015.6894531
758,64552.3945312
759,65119.0683594
760,80886.0234375
761,61366.5273438
762,183549.1875
763,94236.9375
764,88690.2539062
765,134203.957031
766,59928.1738281
767,66842.6621094
768,65939.2539062
769,27680.5488281
770,40180.96875
771,308343.1875
772,349671.234375
773,42525.2734375
774,323358.90625
775,65575.2832031
776,50801.3300781
777,113458.589844
778,73231.9628906
779,472000.234375
780,27134.7265625
781,211728.640625
782,392902.75
783,201473.25
784,47311.9316406
785,94939.5742188
786,227236.601562
787,257242.960938
788,389958.984375
789,247916.695312
790,79325.5898438
791,182210.984375
792,114076.867188
793,194557.6875
794,27305.8212891
795,234383.625
796,47340.5664062
797,124680.859375
798,160715.59375
799,129635.511719
800,63183.8398438
801,227035.070312
802,115121.601562
803,195569.015625
804,83992.8671875
805,30992.1191406
806,139728.375
807,347699.03125
808,331211.90625
809,121954.265625
810,32944.6621094
811,130424.039062
812,93054.1503906
813,92970.2617188
814,125898.070312
815,95642.6875
816,121843.191406
817,111081.269531
818,56885.8300781
819,152010.59375
820,266313.359375
821,121560.179688
822,41218.7402344
823,419398.46875
824,87407.1679688
825,39798.4511719
826,138554.996094
827,69713.5507812
828,108287.304688
829,122499.273438
830,50660.3984375
831,150030.117188
832,177845.242188
833,165543.109375
834,328700.375
835,78413.7304688
836,45545.5371094
837,174083.976562
838,391628.84375
839,147080.960938
840,135085.511719
841,35961.4941406
842,147255.375
843,98658.1914062
844,52274.4609375
845,60203.3339844
846,178957.328125
847,56384.9726562
848,199824.734375
849,158224.414062
850,90550.8554688
851,234136.765625
852,139444.179688
853,266682.078125
854,60339.8300781
855,163120.703125
856,59315.21875
857,60618.9296875
858,161757.117188
859,61701.7695312
860,60604.9238281
861,177982.335938
862,149519.523438
863,131119.285156
864,63556.8125
865,380797.5
866,178384.664062
867,48911.3652344
868,40104.296875
869,34871.0302734
870,53187.9863281
871,233160.304688
872,101301.742188
873,93500.890625
874,109733.839844
875,64937.4140625
876,40233.640625
877,232042.015625
878,73811.5292969
879,21274.6962891
880,258422.117188
881,193378.09375
882,259058.71875
883,116167.507812
884,79814.4570312
885,479551.140625
886,154596.75
887,318059.109375
888,73134.7460938
889,231367.703125
890,26790.6396484
891,76150.6484375
892,413718.03125
893,323600.890625
894,59429.8613281
895,33457.7763672
896,51552.9414062
897,156861.820312
898,54744.2207031
899,207280.21875
900,41870.0117188
901,344123.03125
902,407535.140625
903,64768.6757812
904,175320.492188
905,84556.9648438
906,140464.976562
907,65542.6035156
908,323862.671875
909,50996.1933594
910,86161.4453125
911,26425.6044922
912,374063.1875
913,232069.03125
914,79021.4414062
915,178840.867188
916,44176.8945312
917,251806.601562
918,24578.7910156
919,71896.4824219
920,74949.1484375
921,23397.4765625
922,50420.7929688
923,68326.0449219
924,145306.179688
925,54150.6933594
926,43388.8691406
927,158633.78125
928,232257.117188
929,51959.7207031
930,58864.7480469
931,50335.0117188
932,216972.15625
933,76923.2363281
934,36051.4921875
935,64831.4316406
936,78169.8398438
937,165058.976562
938,180468.734375
939,72590.0664062
940,392405.984375
941,116200.378906
942,329096.84375
943,121110.644531
944,64849.2304688
945,387536.25
946,175692.109375
947,52390.7714844
948,53342.5507812
949,342793.390625
950,44137.9257812
951,108371.746094
952,57454.4472656
953,91453.25
954,109108.65625
955,48059.6328125
956,459267.0625
957,178486.523438
958,63078.8671875
959,145588.140625
960,64655.921875
961,125140.75
962,139255.769531
963,92188.0351562
964,101974.347656
965,48224.1464844
966,45990.1152344
967,234302.796875
968,31900.1572266
969,144542.460938
970,95067.9101562
971,38332.8574219
972,63641.3027344
973,116717.097656
974,51633.6865234
975,90456.7421875
976,46783.6835938
977,262227.976562
978,294608.75
979,22450.6855469
980,208590.0625
981,114314.199219
982,65710.8046875
983,57922.515625
984,27309.6855469
985,127466.070312
986,61764.3066406
987,198030.984375
988,277665.6875
989,132123.394531
990,43596.9804688
991,269006.65625
992,244521.46875
993,125052.824219
994,114962.191406
995,182844.390625
996,128899.546875
997,114693.636719
998,87184.890625
999,94471.8671875
1000,239791.75
1001,97165.4140625
1002,70124.0507812
1003,173590.390625
1004,206058.1875
1005,46106.9726562
1006,175247.34375
1007,127546.320312
1008,100350.90625
1009,254442.539062
1010,301469.78125
1011,279453.171875
1012,26780.9648438
1013,101938.402344
1014,173363.421875
1015,54166.3066406
1016,36294.3613281
1017,188309.695312
1018,57968.109375
1019,171362.710938
1020,91915.7265625
1021,89696.9023438
1022,28127.9384766
1023,119945.132812
1024,554293.96875
1025,54729.5820312
1026,49104.8066406
1027,133540.429688
1028,38743.1787109
1029,41118.0986328
1030,152399.273438
1031,64262.9277344
1032,137053.796875
1033,143335.414062
1034,349418.84375
1035,143890.71875
1036,271250.734375
1037,76215.8242188
1038,235909.640625
1039,36702.734375
1040,180760.226562
1041,300724.015625
1042,283314.96875
1043,460037.0
1044,201722.460938
1045,57198.3476562
1046,262221.65625
1047,31746.6035156
1048,140666.835938
1049,370624.9375
1050,257844.664062
1051,109761.636719
1052,56073.140625
1053,142543.882812
1054,33142.8720703
1055,176898.679688
1056,38747.9423828
1057,435993.9375
1058,70965.53125
1059,111225.542969
1060,203480.960938
1061,42171.3554688
1062,93045.2578125
1063,328713.46875
1064,182327.46875
1065,185746.515625
1066,403392.34375
1067,166043.78125
1068,45928.5371094
1069,24046.0957031
1070,418214.53125
1071,54455.9980469
1072,48656.59375
1073,135566.433594
1074,27629.1757812
1075,202505.820312
1076,142046.753906
1077,258462.632812
1078,109424.550781
1079,91520.7265625
1080,81430.7617188
1081,209010.90625
1082,95012.4101562
1083,342291.171875
1084,49106.1269531
1085,242955.226562
1086,137769.765625
1087,380171.984375
1088,66697.21875
1089,219782.304688
1090,47272.5585938
1091,78422.9609375
1092,104357.109375
1093,38668.7050781
1094,91434.3007812
1095,54670.4472656
1096,219014.609375
1097,113517.8125
1098,221146.640625
1099,175952.289062
1100,83406.6328125
1101,33009.9394531
1102,32643.6767578
1103,37700.0
1104,52616.3183594
1105,61903.4746094
1106,47553.5839844
1107,210659.835938
1108,340925.046875
1109,122932.445312
1110,78797.1875
1111,63444.6054688
1112,244065.023438
1113,141307.78125
1114,86908.3828125
1115,24244.0644531
1116,43555.0644531
1117,62194.1386719
1118,257128.976562
1119,67295.5273438
1120,54820.9335938
1121,52432.4785156
1122,41454.5019531
1123,120417.785156
1124,234971.851562
1125,62114.1054688
1126,31751.0078125
1127,53668.4492188
1128,49346.5957031
1129,74655.4804688
1130,168046.070312
1131,59222.4824219
1132,358134.78125
1133,115272.488281
1134,54410.5429688
1135,48457.2207031
1136,91921.8515625
1137,107833.175781
1138,129604.15625
1139,365367.5625
1140,72953.1113281
1141,50417.1640625
1142,42903.4960938
1143,27458.0869141
1144,317838.046875
1145,432448.953125
1146,49248.7402344
1147,169969.351562
1148,375782.0
1149,40125.7089844
1150,177212.328125
1151,84492.25
1152,71298.0996094
1153,183519.3125
1154,102605.390625
1155,288407.203125
1156,39197.9355469
1157,68118.9511719
1158,48213.6425781
1159,62548.6601562
1160,86471.3164062
1161,125014.324219
1162,73414.2949219
1163,36454.5693359
1164,40274.3964844
1165,213583.804688
1166,191341.765625
1167,57119.515625
1168,206592.921875
1169,100827.546875
1170,12217.9262695
1171,201120.421875
1172,42928.2402344
1173,82065.6289062
1174,256915.429688
1175,79451.1640625
1176,106657.578125
1177,168435.460938
1178,103318.101562
1179,21567.9853516
1180,160080.40625
1181,52216.9257812
1182,96789.0195312
1183,164186.257812
1184,136656.71875
1185,44776.5429688
1186,168361.195312
1187,240829.210938
1188,181170.171875
1189,80572.0117188
1190,228107.898438
1191,46384.890625
1192,306490.40625
1193,388815.25
1194,122342.527344
1195,287331.03125
1196,318091.0625
1197,307336.25
1198,50421.3769531
1199,265900.054688
1200,263292.335938
1201,90057.8867188
1202,42285.2324219
1203,100060.132812
1204,170907.152344
1205,113323.457031
1206,74198.8847656
1207,80987.65625
1208,108306.121094
1209,84883.96875
1210,58152.4648438
1211,59468.1972656
1212,239606.367188
1213,99399.9023438
1214,358751.734375
1215,242610.546875
1216,258817.203125
1217,93601.4375
1218,213746.085938
1219,159728.914062
1220,59329.2558594
1221,344264.78125
1222,36288.9970703
1223,69059.1640625
1224,34268.1855469
1225,146545.691406
1226,45339.0039062
1227,49820.9160156
1228,53115.1308594
1229,110087.828125
1230,170745.601562
1231,120348.335938
1232,259880.117188
1233,37682.9785156
1234,78990.5195312
1235,190952.429688
1236,54512.1015625
1237,59351.1269531
1238,32801.2099609
1239,165213.101562
1240,92666.1523438
1241,84601.8398438
1242,71800.5
1243,46324.1035156
1244,58737.1542969
1245,54526.734375
1246,229643.515625
1247,218833.65625
1248,53393.8300781
1249,25509.3857422
1250,91984.90625
1251,91425.6679688
1252,94254.5898438
1253,331184.609375
1254,60560.546875
1255,349647.59375
1256,110931.269531
1257,71394.375
1258,316072.0
1259,49808.125
1260,149840.890625
1261,23046.7568359
1262,213101.734375
1263,154894.203125
1264,85118.5898438
1265,156982.296875
1266,114000.957031
1267,204863.59375
1268,341875.578125
1269,40667.2929688
1270,37735.9160156
1271,229810.929688
1272,130128.644531
1273,384793.109375
1274,41379.40625
1275,46949.8652344
1276,242694.484375
1277,217006.804688
1278,249031.945312
1279,60332.4414062
1280,350965.0625
1281,63237.1992188
1282,143641.070312
1283,298213.171875
1284,120292.441406
1285,417186.0
1286,39387.3300781
1287,168070.054688
1288,146698.921875
1289,155819.515625
1290,82942.5664062
1291,67111.4199219
1292,32998.2871094
1293,201467.015625
1294,331003.609375
1295,79197.7148438
1296,33832.1767578
1297,244984.585938
1298,39904.7109375
1299,123120.035156
1300,374234.421875
1301,158173.164062
1302,229884.421875
1303,30663.5380859
1304,177343.984375
1305,47164.671875
1306,49060.4570312
1307,34555.265625
1308,131795.898438
1309,43334.109375
1310,96370.1015625
1311,92160.4023438
1312,396094.0625
1313,87186.8242188
1314,99415.7617188
1315,82145.1835938
1316,84776.21875
1317,36495.5488281
1318,55246.4121094
1319,27227.0957031
1320,48816.1269531
1321,47899.1992188
1322,149377.3125
1323,252694.460938
1324,148585.949219
1325,160050.539062
1326,203170.6875
1327,144674.46875
1328,101307.066406
1329,221600.914062
1330,129259.320312
1331,373695.8125
1332,49798.828125
1333,42368.2148438
1334,48574.6035156
1335,39484.359375
1336,40401.1933594
1337,75889.1796875
1338,134310.203125
1339,83886.6289062
1340,77053.9609375
1341,237994.242188
1342,408561.65625
1343,160565.648438
1344,237569.367188
1345,74544.1464844
1346,181991.117188
1347,100566.027344
1348,223726.664062
1349,54106.0136719
1350,328404.28125
1351,132401.558594
1352,60901.2460938
1353,98305.2304688
1354,65130.5957031
1355,97285.6171875
1356,23815.9609375
1357,161817.734375
1358,49856.9824219
1359,205087.585938
1360,32792.5830078
1361,73946.3378906
1362,230627.523438
1363,38214.0625
1364,53657.4960938
1365,237662.804688
1366,118513.59375
1367,62813.8535156
1368,26298.2626953
1369,40930.9472656
1370,98132.2460938
1371,429756.734375
1372,46607.7460938
1373,41666.1347656
1374,50557.2597656
1375,155761.140625
1376,45634.7763672
1377,122572.78125
1378,76045.7109375
1379,39206.3847656
1380,51107.4140625
1381,352710.296875
1382,159723.460938
1383,73438.9414062
1384,39751.4824219
1385,73976.1835938
1386,216703.453125
1387,498638.90625
1388,17623.3134766
1389,304270.078125
1390,58648.9492188
1391,71310.4921875
1392,86966.1835938
1393,83423.2304688
1394,54515.7460938
1395,203595.007812
1396,106314.140625
1397,30566.4775391
1398,215970.40625
1399,202303.476562
1400,46776.84375
1401,154103.398438
1402,242762.09375
1403,150877.9375
1404,49307.6074219
1405,89900.5742188
1406,132031.597656
1407,103657.585938
1408,327391.953125
1409,194899.882812
1410,59846.25
1411,238290.679688
1412,45727.6953125
1413,102011.269531
1414,179351.554688
1415,153128.914062
1416,126636.957031
1417,174022.84375
1418,145080.207031
1419,155473.53125
1420,41390.3359375
1421,70002.8359375
1422,203800.335938
1423,19650.1611328
1424,174974.46875
1425,57573.1679688
1426,44207.2792969
1427,91638.171875
1428,179321.453125
1429,129354.542969
1430,241837.335938
1431,160695.695312
1432,82547.4765625
1433,28939.9384766
1434,345390.71875
1435,102940.171875
1436,164975.34375
1437,135935.570312
1438,37954.1367188
1439,54869.5058594
1440,232103.21875
1441,42821.859375
1442,165781.164062
1443,215744.890625
1444,99540.8476562
1445,329667.34375
1446,104085.804688
1447,69645.5351562
1448,199383.226562
1449,297566.4375
1450,61244.0488281
1451,69188.4003906
1452,321506.5
1453,53874.9394531
1454,45434.8339844
1455,277604.71875
1456,134553.355469
1457,30719.8466797
1458,349943.859375
1459,158906.195312
1460,88266.7167969
1461,114795.0
1462,128426.179688
1463,131728.765625
1464,164906.089844
1465,64692.6171875
1466,27155.0927734
1467,202678.320312
1468,34417.8320312
1469,394083.609375
1470,220098.726562
1471,32426.5654297
1472,122081.414062
1473,90009.015625
1474,30983.6103516
1475,331338.6875
1476,27804.4033203
1477,98888.7929688
1478,200088.335938
1479,148348.839844
1480,118100.359375
1481,172415.46875
1482,197040.78125
1483,404201.5625
1484,51492.8203125
1485,145850.039062
1486,207184.476562
1487,57671.6992188
1488,49391.5058594
1489,61110.4082031
1490,58103.5996094
1491,227086.25
1492,145264.40625
1493,173776.5625
1494,98376.8984375
1495,240102.109375
1496,48883.8847656
1497,237727.539062
1498,240260.78125
1499,170310.109375
1500,157280.09375
1501,306822.921875
1502,113559.804688
1503,64259.609375
1504,178966.148438
1505,387946.65625
1506,176513.984375
1507,206672.171875
1508,49513.4023438
1509,210214.6875
1510,124224.734375
1511,84425.4921875
1512,41332.4863281
1513,56035.9394531
1514,324933.890625
1515,352864.6875
1516,129059.0
1517,111160.894531
1518,174411.859375
1519,405303.875
1520,70146.6640625
1521,109262.183594
1522,254028.53125
1523,192008.796875
1524,88378.9453125
1525,129041.519531
1526,78156.1132812
1527,240602.921875
1528,132774.582031
1529,136018.445312
1530,131470.054688
1531,185904.609375
1532,40624.1484375
1533,79565.65625
1534,46536.0097656
1535,228744.164062
1536,26384.2802734
1537,176085.664062
1538,45154.7753906
1539,255352.007812
1540,335656.78125
1541,39142.6074219
1542,74221.0117188
1543,163111.070312
1544,55352.5566406
1545,45414.0800781
1546,29297.1611328
1547,161898.398438
1548,380454.6875
1549,45217.2792969
1550,393316.296875
1551,103055.058594
1552,105201.6875
1553,148068.8125
1554,284162.46875
1555,470571.84375
1556,261007.929688
1557,280732.0625
1558,85108.640625
1559,111579.660156
1560,392172.671875
1561,265883.53125
1562,105567.867188
1563,86814.1171875
1564,180025.796875
1565,32875.2255859
1566,183699.351562
1567,139335.882812
1568,37764.8847656
1569,213401.421875
1570,205658.859375
1571,279069.085938
1572,82471.9140625
1573,70650.6953125
1574,55585.546875
1575,129217.472656
1576,24633.3798828
1577,54803.3574219
1578,223244.492188
1579,37482.9716797
1580,376758.28125
1581,210524.046875
1582,132867.914062
1583,214486.71875
1584,230335.773438
1585,117481.949219
1586,160277.507812
1587,149425.195312
1588,229100.640625
1589,72033.9648438
1590,321765.460938
1591,77529.3476562
1592,28457.2304688
1593,284493.03125
1594,23627.0664062
1595,327072.421875
1596,259556.445312
1597,62178.3671875
1598,138234.875
1599,19336.7646484
1600,86050.6386719
1601,85826.140625
1602,63768.9238281
1603,86905.5390625
1604,69826.6015625
1605,48117.9257812
1606,103863.695312
1607,72274.859375
1608,139595.445312
1609,222893.054688
1610,44713.3300781
1611,42811.7832031
1612,145322.351562
1613,320501.765625
1614,68324.9121094
1615,49536.6933594
1616,35410.1298828
1617,49790.2519531
1618,27594.8701172
1619,48538.0722656
1620,48287.8984375
1621,87442.2617188
1622,40268.2832031
1623,344418.90625
1624,158408.15625
1625,162172.140625
1626,90814.2851562
1627,105531.921875
1628,83893.5078125
1629,55258.1210938
1630,240893.125
1631,61363.8867188
1632,168293.570312
1633,252815.132812
1634,116684.882812
1635,199197.789062
1636,330876.859375
1637,48412.8613281
1638,328430.359375
1639,152766.507812
1640,37044.1367188
1641,32830.0458984
1642,339975.09375
1643,60215.9960938
1644,254790.960938
1645,263272.835938
1646,56664.703125
1647,250289.90625
1648,70835.4589844
1649,218789.429688
1650,58702.5585938
1651,91142.921875
1652,80233.484375
1653,48155.2851562
1654,145276.398438
1655,230326.203125
1656,94000.7109375
1657,170236.601562
1658,153345.359375
1659,255602.125
1660,74913.4726562
1661,187635.460938
1662,299196.984375
1663,128504.492188
1664,410433.578125
1665,87471.3515625
1666,379940.53125
1667,51037.8789062
1668,443908.671875
1669,79844.8320312
1670,146116.734375
1671,91780.1289062
1672,146196.65625
1673,42931.7207031
1674,104003.140625
1675,313634.953125
1676,113635.542969
1677,75147.4140625
1678,54585.625
1679,203289.671875
1680,59044.5273438
1681,62202.1796875
1682,284779.828125
1683,74574.1601562
1684,65047.46875
1685,53052.5273438
1686,177869.296875
1687,72213.0390625
1688,171115.1875
1689,56326.1621094
1690,360278.53125
1691,77714.6210938
1692,189707.242188
1693,53220.6074219
1694,267891.226562
1695,379483.734375
1696,193031.820312
1697,402469.875
1698,228554.445312
1699,368829.359375
1700,64081.9277344
1701,45828.1992188
1702,114270.253906
1703,194644.429688
1704,61477.1191406
1705,40228.7871094
1706,177763.234375
1707,34388.7773438
1708,63844.7792969
1709,49135.7011719
1710,368124.921875
1711,115007.527344
1712,34200.0029297
1713,178839.140625
1714,56726.1484375
1715,359693.625
1716,76246.9453125
1717,21694.4179688
1718,20029.5966797
1719,197122.609375
1720,144621.773438
1721,44068.9707031
1722,37524.46875
1723,90183.1328125
1724,71495.5273438
1725,43396.890625
1726,166967.179688
1727,156007.554688
1728,38508.2246094
1729,41717.2871094
1730,190128.898438
1731,39587.8125
1732,55335.2578125
1733,34692.4882812
1734,314326.609375
1735,154650.414062
1736,45183.1015625
1737,290214.0625
1738,64957.7773438
1739,453207.609375
1740,202914.585938
1741,43989.4257812
1742,40887.2773438
1743,31499.6191406
1744,124318.144531
1745,160365.054688
1746,163677.273438
1747,537957.828125
1748,73768.8925781
1749,261070.390625
1750,25920.890625
1751,207514.195312
1752,124145.792969
1753,89937.3789062
1754,174913.578125
1755,27358.25
1756,272434.375
1757,40554.1015625
1758,45402.5546875
1759,44460.3417969
1760,200157.804688
1761,35121.9199219
1762,344230.171875
1763,94166.3984375
1764,183900.5625
1765,126626.207031
1766,102484.160156
1767,326540.640625
1768,103477.230469
1769,39364.8789062
1770,127633.367188
1771,286865.273438
1772,69034.6074219
1773,152018.515625
1774,99016.0625
1775,390432.96875
1776,88704.7929688
1777,53309.4375
1778,111158.769531
1779,201775.609375
1780,215630.257812
1781,121709.347656
1782,30128.8798828
1783,75034.0761719
1784,40841.1503906
1785,109357.992188
1786,241916.46875
1787,21517.6445312
1788,46752.890625
1789,56813.8613281
1790,109257.257812
1791,185496.242188
1792,26479.9462891
1793,118837.277344
1794,210873.078125
1795,57073.1894531
1796,179116.765625
1797,129029.523438
1798,292101.890625
1799,134889.660156
1800,42676.859375
1801,168287.53125
1802,281738.484375
1803,136003.78125
1804,98365.7226562
1805,125215.046875
1806,30877.4541016
1807,53942.0742188
1808,104925.761719
1809,54652.8652344
1810,47518.3125
1811,281931.890625
1812,255970.15625
1813,45175.9375
1814,300084.679688
1815,139786.964844
1816,46224.0410156
1817,179178.460938
1818,133797.132812
1819,359119.53125
1820,246457.25
1821,77426.0195312
1822,73339.0625
1823,39133.3710938
1824,55209.2753906
1825,56696.8789062
1826,130534.796875
1827,149178.179688
1828,360534.71875
1829,118415.871094
1830,135558.609375
1831,166683.835938
1832,358488.484375
1833,175255.101562
1834,51586.8847656
1835,164543.328125
1836,91042.7539062
1837,123617.78125
1838,109083.128906
1839,69997.3789062
1840,100476.15625
1841,77575.0351562
1842,51511.9707031
1843,147909.199219
1844,70410.59375
1845,197462.515625
1846,139314.207031
1847,34106.5195312
1848,87533.78125
1849,40172.1123047
1850,61623.4570312
1851,196418.679688
1852,308400.4375
1853,432003.84375
1854,404316.4375
1855,249362.625
1856,359234.359375
1857,156692.304688
1858,267396.59375
1859,79423.1875
1860,64654.8457031
1861,29703.3320312
1862,152423.085938
1863,103809.222656
1864,319367.984375
1865,170041.75
1866,107214.597656
1867,24194.15625
1868,74189.8984375
1869,94708.5390625
1870,60629.7988281
1871,46594.9472656
1872,132563.625
1873,433662.40625
1874,175521.414062
1875,65265.75
1876,49633.6054688
1877,402629.25
1878,118957.507812
1879,40197.0742188
1880,214540.703125
1881,42407.9648438
1882,98702.9257812
1883,78330.359375
1884,106290.25
1885,267895.640625
1886,117115.464844
1887,66513.9941406
1888,345775.421875
1889,16088.9936523
1890,406715.34375
1891,119359.265625
1892,96256.3515625
1893,338563.671875
1894,201776.796875
1895,36828.4462891
1896,105538.648438
1897,29567.1210938
1898,120983.171875
1899,196847.960938
1900,138348.673828
1901,109164.597656
1902,67325.4824219
1903,71757.4648438
1904,48811.9472656
1905,39164.2421875
1906,90004.5859375
1907,42141.3691406
1908,404460.953125
1909,440050.921875
1910,62226.2714844
1911,176814.164062
1912,295937.03125
1913,80175.0117188
1914,120083.566406
1915,65496.34375
1916,561209.40625
1917,92857.4101562
1918,49495.5957031
1919,69569.4140625
1920,139412.429688
1921,59857.4296875
1922,270669.484375
1923,50309.5820312
1924,288716.125
1925,106005.179688
1926,109956.054688
1927,35426.7480469
1928,107575.039062
1929,92369.6367188
1930,35423.4355469
1931,153318.328125
1932,51090.7929688
1933,221335.929688
1934,93999.9960938
1935,120073.242188
1936,277858.109375
1937,30202.0517578
1938,110933.398438
1939,48514.9472656
1940,380076.25
1941,248107.59375
1942,88937.5195312
1943,109156.132812
1944,292665.625
1945,165218.960938
1946,225663.53125
1947,121113.878906
1948,107569.234375
1949,133934.039062
1950,157956.453125
1951,41342.3457031
1952,30306.7841797
1953,264723.429688
1954,204112.28125
1955,333143.59375
1956,221132.46875
1957,110662.519531
1958,60611.4082031
1959,43447.7089844
1960,327674.453125
1961,145640.476562
1962,152312.21875
1963,44169.4765625
1964,181399.265625
1965,91747.7226562
1966,225172.132812
1967,155882.867188
1968,92401.7382812
1969,34864.1123047
1970,103846.355469
1971,247116.492188
1972,29995.2324219
1973,106103.453125
1974,73026.1601562
1975,163197.382812
1976,97494.4101562
1977,39456.9902344
1978,43542.8652344
1979,89915.5351562
1980,164887.242188
1981,146910.71875
1982,72639.5273438
1983,390322.6875
1984,75524.625
1985,368385.484375
1986,55132.0878906
1987,334032.9375
1988,198579.367188
1989,194582.898438
1990,51723.9472656
1991,189596.882812
1992,65656.4140625
1993,232408.445312
1994,38415.1054688
1995,59417.8691406
1996,279672.1875
1997,51017.4726562
1998,60269.2617188
1999,64447.1601562
2000,328811.296875
2001,88031.46875
2002,50913.0839844
2003,251602.789062
2004,173260.882812
2005,206763.4375
2006,343008.46875
2007,92034.2773438
2008,104302.742188
2009,247452.46875
2010,55366.2578125
2011,73498.3632812
2012,122610.761719
2013,105723.207031
2014,210066.046875
2015,141462.78125
2016,112844.820312
2017,274340.734375
2018,99350.8476562
2019,181342.546875
2020,121566.546875
2021,387252.65625
2022,336945.53125
2023,101967.324219
2024,222242.664062
2025,140161.648438
2026,338388.6875
2027,74052.3398438
2028,114096.667969
2029,75898.6386719
2030,53814.8320312
2031,255910.6875
2032,247722.03125
2033,122697.117188
2034,46519.8085938
2035,157404.4375
2036,72833.4648438
2037,74303.0800781
2038,22888.9365234
2039,44309.9316406
2040,207018.898438
2041,351173.0
2042,168622.984375
2043,378417.515625
2044,141375.742188
2045,28065.9375
2046,198183.023438
2047,370669.4375
2048,70061.7207031
2049,186204.296875
2050,49897.7148438
2051,35481.1289062
2052,196645.234375
2053,53623.8476562
2054,116819.210938
2055,242403.296875
2056,247824.3125
2057,55111.4648438
2058,40944.0507812
2059,231822.765625
2060,216212.171875
2061,37061.625
2062,28279.5458984
2063,127119.566406
2064,65472.7753906
2065,133942.242188
2066,28174.6660156
2067,40801.8710938
2068,75730.1640625
2069,149781.550781
2070,312236.046875
2071,56292.84375
2072,182368.28125
2073,32703.7363281
2074,285804.953125
2075,51643.5722656
2076,132936.019531
2077,154037.820312
2078,89481.2070312
2079,114919.492188
2080,42701.7910156
2081,145424.828125
2082,184094.585938
2083,137857.289062
2084,39796.4980469
2085,385485.09375
2086,37456.0976562
2087,60703.0722656
2088,44400.1308594
2089,86745.25
2090,331048.125
2091,43093.0664062
2092,98682.0
2093,392394.140625
2094,170135.585938
2095,171073.632812
2096,181345.445312
2097,79929.6582031
2098,507749.296875
2099,63882.25
2100,143336.546875
2101,196384.828125
2102,118242.507812
2103,32139.4599609
2104,38489.4472656
2105,325182.9375
2106,82426.8671875
2107,103307.703125
2108,41551.7148438
2109,36268.2988281
2110,106789.273438
2111,36114.9335938
2112,78283.1953125
2113,156998.789062
2114,261901.90625
2115,125839.085938
2116,122287.707031
2117,33830.2246094
2118,231295.773438
2119,366022.21875
2120,42202.6875
2121,119454.890625
2122,361533.46875
2123,32306.3789062
2124,68813.0039062
2125,305220.3125
2126,157590.476562
2127,125513.066406
2128,71047.1132812
2129,270786.015625
2130,107062.734375
2131,355614.546875
2132,60877.859375
2133,247261.5
2134,180169.164062
2135,151018.296875
2136,148804.554688
2137,246271.921875
2138,49334.5292969
2139,54681.9824219
2140,246282.726562
2141,49363.8242188
2142,140373.070312
2143,102171.097656
2144,47585.5058594
2145,301139.25
2146,109146.710938
2147,14699.7402344
2148,479230.4375
2149,355483.15625
2150,276171.898438
2151,50653.4394531
2152,69912.8554688
2153,55384.7929688
2154,121032.554688
2155,55346.1328125
2156,54831.9589844
2157,108678.792969
2158,136255.152344
2159,122838.566406
2160,98467.3671875
2161,166201.335938
2162,381525.765625
2163,259350.453125
2164,290895.28125
2165,188884.664062
2166,72987.8007812
2167,55875.9238281
2168,153126.789062
2169,208847.609375
2170,40882.3378906
2171,377924.59375
2172,106277.195312
2173,290176.242188
2174,212129.03125
2175,123524.632812
2176,117462.683594
2177,169392.148438
2178,288765.289062
2179,306638.601562
2180,77178.8945312
2181,115025.894531
2182,30470.6298828
2183,177057.15625
2184,65815.8554688
2185,214844.296875
2186,49132.9980469
2187,38326.7519531
2188,83734.5898438
2189,33059.1806641
2190,122519.007812
2191,36332.0507812
2192,193251.796875
2193,248536.023438
2194,105527.917969
2195,267351.0
2196,42664.5449219
2197,73924.65625
2198,126462.109375
2199,61559.3574219
2200,47449.40625
2201,106335.894531
2202,198706.742188
2203,75732.8007812
2204,24378.6816406
2205,70761.984375
2206,319241.265625
2207,38115.9199219
2208,145214.179688
2209,41164.9335938
2210,141320.398438
2211,55003.8378906
2212,77999.3046875
2213,359095.84375
2214,164166.664062
2215,71500.2109375
2216,70501.640625
2217,268740.125
2218,66855.1640625
2219,25356.0302734
2220,289314.25
2221,32737.1376953
2222,259578.820312
2223,218533.164062
2224,168780.875
2225,109072.707031
2226,128350.199219
2227,35917.8349609
2228,117152.671875
2229,309680.6875
2230,197884.578125
2231,272025.296875
2232,53559.1914062
2233,40153.5839844
2234,201121.921875
2235,40938.4257812
2236,45777.0136719
2237,39406.9433594
2238,49082.5117188
2239,24433.7832031
2240,234366.226562
2241,274335.53125
2242,56162.6308594
2243,109351.019531
2244,55124.7910156
2245,190717.703125
2246,271630.039062
2247,49765.5742188
2248,43251.8378906
2249,344676.8125
2250,95140.9335938
2251,172261.507812
2252,239181.773438
2253,44794.7363281
2254,35968.0996094
2255,530336.0
2256,83427.2304688
2257,185892.453125
2258,137086.132812
2259,74225.5742188
2260,126416.441406
2261,43607.0234375
2262,85022.0703125
2263,50499.8925781
2264,369202.359375
2265,42581.40625
2266,96896.5585938
2267,31789.640625
2268,53481.7851562
2269,394205.46875
2270,216464.570312
2271,217102.90625
2272,30550.6542969
2273,87453.4804688
2274,72153.21875
2275,351333.75
2276,54898.5683594
2277,146348.460938
2278,328745.375
2279,212881.171875
2280,193732.992188
2281,357901.390625
2282,46776.609375
2283,27061.5703125
2284,210870.320312
2285,43638.4785156
2286,50254.3671875
2287,270893.546875
2288,72687.71875
2289,191178.460938
2290,25057.1787109
2291,181706.34375
2292,110773.988281
2293,239121.820312
2294,73452.5566406
2295,27983.6835938
2296,239563.96875
2297,260463.414062
2298,34282.25
2299,265714.875
2300,250895.367188
2301,229891.773438
2302,115244.632812
2303,415399.421875
2304,58049.0
2305,59144.6464844
2306,41443.8300781
2307,40927.6992188
2308,133524.636719
2309,24740.7597656
2310,267033.5
2311,357860.0
2312,87099.1171875
2313,53792.0800781
2314,51282.4707031
2315,74135.4335938
2316,125405.542969
2317,179909.78125
2318,311392.125
2319,130054.816406
2320,34820.9882812
2321,198823.796875
2322,362825.515625
2323,30923.8632812
2324,80663.8984375
2325,130653.589844
2326,288951.578125
2327,75775.4863281
2328,33831.7109375
2329,65736.5683594
2330,381127.5625
2331,276852.851562
2332,232460.921875
2333,29006.6933594
2334,81057.8125
2335,29787.2353516
2336,270892.234375
2337,104582.582031
2338,50297.109375
2339,167651.914062
2340,192628.492188
2341,71196.1757812
2342,222081.804688
2343,42894.8945312
2344,127946.855469
2345,380527.890625
2346,347334.625
2347,306257.578125
2348,109288.378906
2349,95954.0195312
2350,62585.4960938
2351,146908.988281
2352,35040.4111328
2353,191514.023438
2354,54945.7363281
2355,148628.914062
2356,102815.511719
2357,52191.3808594
2358,219428.609375
2359,84518.1132812
2360,121465.570312
2361,126172.105469
2362,169341.234375
2363,30596.6865234
2364,101052.472656
2365,217292.140625
2366,113545.5
2367,127938.382812
2368,37162.6816406
2369,462870.03125
2370,298071.40625
2371,61639.3339844
2372,75789.9726562
2373,52284.1054688
2374,111868.074219
2375,208031.648438
2376,88394.7109375
2377,223556.875
2378,82639.2773438
2379,89582.8398438
2380,78416.3203125
2381,53808.7519531
2382,40913.2695312
2383,36514.6132812
2384,206132.3125
2385,174075.703125
2386,79615.6523438
2387,399663.5625
2388,36662.9863281
2389,98269.9726562
2390,134944.488281
2391,99301.7304688
2392,266711.929688
2393,48676.2265625
2394,66466.1230469
2395,98194.7578125
2396,395222.546875
2397,191609.9375
2398,338317.140625
2399,294210.953125
2400,202683.484375
2401,222384.84375
2402,79166.7578125
2403,131563.324219
2404,93881.4765625
2405,41534.7636719
2406,364087.90625
2407,263266.59375
2408,133549.6875
2409,466762.515625
2410,30870.4677734
2411,396056.09375
2412,145785.828125
2413,22703.0488281
2414,43793.2041016
2415,291693.734375
2416,155442.890625
2417,113919.132812
2418,34438.6826172
2419,189007.046875
2420,332406.90625
2421,166786.328125
2422,47491.1289062
2423,324041.515625
2424,94154.1953125
2425,82430.6757812
2426,213892.375
2427,380102.765625
2428,147773.765625
2429,130808.59375
2430,194489.789062
2431,63909.9140625
2432,88560.828125
2433,248854.242188
2434,304044.828125
2435,32027.2285156
2436,60580.1074219
2437,157163.921875
2438,61463.3320312
2439,75859.6523438
2440,286339.53125
2441,70482.7578125
2442,389256.15625
2443,62155.8300781
2444,128811.410156
2445,317499.34375
2446,150832.757812
2447,35554.0341797
2448,327742.828125
2449,74637.9648438
2450,269882.664062
2451,121951.871094
2452,358921.90625
2453,376610.984375
2454,438730.078125
2455,204886.25
2456,39631.7441406
2457,220271.726562
2458,172710.570312
2459,107624.867188
2460,135254.207031
2461,53369.7617188
2462,200045.890625
2463,39918.9384766
2464,121004.367188
2465,95099.4921875
2466,171747.96875
2467,148758.539062
2468,56985.9941406
2469,66033.6621094
2470,185419.984375
2471,119837.75
2472,56917.6015625
2473,21975.9091797
2474,419900.8125
2475,61323.640625
2476,86403.0585938
2477,109641.3125
2478,127483.753906
2479,322443.609375
2480,186514.179688
2481,45783.9726562
2482,146309.28125
2483,118466.972656
2484,18429.2158203
2485,94879.8242188
2486,63503.3886719
2487,34942.4814453
2488,100975.742188
2489,26395.5615234
2490,152114.558594
2491,91667.0390625
2492,246151.5
2493,59589.9433594
2494,372307.25
2495,54856.8789062
2496,373724.609375
2497,181451.597656
2498,147083.398438
2499,89938.4804688
2500,66421.1796875
2501,370916.859375
2502,62959.4511719
2503,81244.6835938
2504,48569.8261719
2505,412621.140625
2506,111662.4375
2507,156687.375
2508,153157.789062
2509,87591.1289062
2510,211875.617188
2511,16627.7382812
2512,64225.1914062
2513,154727.929688
2514,51224.9667969
2515,38521.6621094
2516,123732.535156
2517,144247.335938
2518,191576.664062
2519,488172.046875
2520,335327.0
2521,113465.257812
2522,92352.7890625
2523,135159.039062
2524,85800.6621094
2525,25565.7880859
2526,262651.867188
2527,72815.2851562
2528,183192.992188
2529,145938.46875
2530,22040.0
2531,161794.859375
2532,97555.8867188
2533,306355.203125
2534,151567.109375
2535,108758.941406
2536,135675.289062
2537,45546.9511719
2538,24993.5546875
2539,60235.1953125
2540,73932.6992188
2541,107606.765625
2542,35824.3164062
2543,52260.3398438
2544,274013.0
2545,29195.0664062
2546,37686.5458984
2547,268306.328125
2548,135693.175781
2549,148105.25
2550,50763.8203125
2551,172300.484375
2552,37825.9628906
2553,61727.2597656
2554,122717.363281
2555,46785.8847656
2556,204850.414062
2557,191539.484375
2558,268132.242188
2559,111711.941406
2560,49018.4824219
2561,39497.8046875
2562,77205.4140625
2563,234111.851562
2564,68358.3164062
2565,53165.9746094
2566,66328.1074219
2567,51241.6542969
2568,41832.8007812
2569,69843.75
2570,92191.390625
2571,119405.351562
2572,42556.8027344
2573,98253.25
2574,126355.285156
2575,42656.8886719
2576,64273.6347656
2577,89296.1210938
2578,207868.625
2579,46401.6386719
2580,69513.4335938
2581,60821.6796875
2582,58947.4570312
2583,180249.34375
2584,562529.96875
2585,122070.070312
2586,129186.925781
2587,52382.2910156
2588,195917.882812
2589,327644.390625
2590,50707.9609375
2591,65032.8632812
2592,55510.3320312
2593,168387.859375
2594,244244.882812
2595,85071.1601562
2596,112307.242188
2597,25046.4716797
2598,34944.8554688
2599,51597.953125
2600,23129.6503906
2601,74394.7167969
2602,390650.234375
2603,296212.453125
2604,252390.28125
2605,73442.4609375
2606,72180.9257812
2607,29996.5341797
2608,311689.515625
2609,140120.789062
2610,171728.90625
2611,27924.7021484
2612,39929.7167969
2613,39736.6269531
2614,413788.71875
2615,355391.28125
2616,59923.265625
2617,120580.554688
2618,178833.242188
2619,51933.4453125
2620,19902.2080078
2621,86165.828125
2622,76995.53125
2623,114331.121094
2624,133438.03125
2625,148317.921875
2626,124129.273438
2627,162406.804688
2628,49614.5761719
2629,224579.40625
2630,218645.710938
2631,193290.648438
2632,84194.1796875
2633,372238.640625
2634,360831.4375
2635,25577.53125
2636,110434.375
2637,62036.8710938
2638,27990.2871094
2639,110358.921875
2640,43353.9257812
2641,367200.703125
2642,85046.9414062
2643,27323.328125
2644,365420.65625
2645,242945.007812
2646,379214.21875
2647,44772.65625
2648,169874.289062
2649,36049.390625
2650,66632.6914062
2651,282309.359375
2652,19971.0800781
2653,56628.8457031
2654,183944.226562
2655,172794.734375
2656,59482.4765625
2657,141411.574219
2658,72679.4882812
2659,51021.3457031
2660,40173.8242188
2661,103070.988281
2662,196372.195312
2663,133951.546875
2664,81970.7265625
2665,62892.5351562
2666,48621.5117188
2667,89061.03125
2668,44779.7714844
2669,178498.585938
2670,37848.7949219
2671,35303.8261719
2672,30980.4287109
2673,112437.632812
2674,60251.4902344
2675,116559.332031
2676,328672.5
2677,300303.265625
2678,315128.140625
2679,167774.398438
2680,155876.65625
2681,65468.109375
2682,196731.195312
2683,47186.4257812
2684,246927.09375
2685,67741.6679688
2686,278888.515625
2687,48200.9394531
2688,224327.234375
2689,62813.5234375
2690,94578.671875
2691,75037.453125
2692,50992.6191406
2693,65421.2089844
2694,159517.890625
2695,166376.6875
2696,82129.0859375
2697,175136.515625
2698,486856.046875
2699,159629.242188
2700,31842.5634766
2701,61788.0996094
2702,286141.8125
2703,339919.765625
2704,37342.2011719
2705,189946.015625
2706,126877.304688
2707,31493.359375
2708,21384.0087891
2709,284358.1875
2710,174978.828125
2711,165555.351562
2712,29251.9072266
2713,83991.3046875
2714,61278.3007812
2715,76660.1835938
2716,127226.871094
2717,102254.226562
2718,47610.6484375
2719,55733.6894531
2720,81189.1875
2721,386141.40625
2722,156044.445312
2723,132454.078125
2724,151448.304688
2725,165000.117188
2726,318987.390625
2727,178397.328125
2728,24571.7539062
2729,401947.296875
2730,33916.7041016
2731,151262.132812
2732,141835.359375
2733,133112.382812
2734,148635.835938
2735,299160.640625
2736,32197.5791016
2737,30140.0332031
2738,51061.921875
2739,428177.046875
2740,234156.34375
2741,244399.0
2742,96884.2578125
2743,50319.3652344
2744,127841.449219
2745,48296.796875
2746,45285.0195312
2747,62382.2460938
2748,63948.4960938
2749,46002.4980469
2750,27975.6611328
2751,388962.640625
2752,144266.554688
2753,285786.421875
2754,238709.71875
2755,106694.402344
2756,227826.976562
2757,40565.0507812
2758,80048.1992188
2759,338251.515625
2760,82141.4257812
2761,394124.4375
2762,48771.0546875
2763,137847.105469
2764,131858.015625
2765,107151.421875
2766,65157.4804688
2767,36067.390625
2768,130812.246094
2769,139681.9375
2770,131477.164062
2771,63980.2539062
2772,58380.4824219
2773,180593.992188
2774,160735.96875
2775,141567.632812
2776,57937.6015625
2777,224432.648438
2778,93360.2421875
2779,137818.617188
2780,30422.1644287
2781,79489.8574219
2782,34274.8652344
2783,29918.8632812
2784,124354.300781
2785,154454.15625
2786,39116.3261719
2787,84682.21875
2788,71938.5
2789,136037.039062
2790,116770.253906
2791,61915.0898438
2792,171812.367188
2793,82796.4335938
2794,120980.902344
2795,50336.2617188
2796,41607.6191406
2797,116420.722656
2798,69441.0664062
2799,108511.671875
2800,117680.457031
2801,118134.605469
2802,61490.0996094
2803,34928.8535156
2804,327508.84375
2805,90295.4335938
2806,68611.9453125
2807,174344.546875
2808,60985.9960938
2809,169956.984375
2810,139201.132812
2811,172906.007812
2812,321701.734375
2813,232054.5625
2814,356068.984375
2815,237292.421875
2816,229018.78125
2817,178847.351562
2818,271142.398438
2819,77950.6640625
2820,151928.101562
2821,165113.476562
2822,75646.828125
2823,30547.4726562
2824,477943.921875
2825,143570.054688
2826,70510.96875
2827,227961.109375
2828,102297.898438
2829,34372.8134766
2830,158269.320312
2831,34291.9521484
2832,81524.0390625
2833,65899.4257812
2834,54041.3925781
2835,203596.0
2836,25281.8720703
2837,41785.9003906
2838,54578.4804688
2839,47977.4042969
2840,81693.7695312
2841,390684.953125
2842,39122.1367188
2843,182276.890625
2844,354113.75
2845,120825.613281
2846,37662.4023438
2847,100383.113281
2848,105055.234375
2849,310231.078125
2850,170618.023438
2851,118884.734375
2852,112097.320312
2853,87559.5351562
2854,66740.7148438
2855,83363.09375
2856,142362.601562
2857,43040.3398438
2858,28777.2294922
2859,330795.640625
2860,164450.523438
2861,63845.6210938
2862,166621.0
2863,30378.4033203
2864,13147.7348633
2865,343364.0
2866,33065.5
2867,39505.5527344
2868,108616.507812
2869,203564.960938
2870,57123.7460938
2871,36330.6962891
2872,34315.7265625
2873,99037.0234375
2874,34979.0410156
2875,172485.570312
2876,150136.734375
2877,170574.710938
2878,69988.0742188
2879,311800.234375
2880,184408.3125
2881,132282.066406
2882,62662.0058594
2883,322567.71875
2884,49160.8320312
2885,59768.4746094
2886,434268.015625
2887,352747.46875
2888,54781.8222656
2889,54633.8242188
2890,282635.984375
2891,227434.34375
2892,137884.859375
2893,141485.914062
2894,154473.109375
2895,32455.609375
2896,60507.0097656
2897,148836.046875
2898,300308.015625
2899,73720.8398438
2900,251403.820312
2901,90179.75
2902,83570.4023438
2903,168676.164062
2904,56918.0683594
2905,368188.78125
2906,33810.2597656
2907,109664.910156
2908,59471.8183594
2909,131474.730469
2910,66648.6582031
2911,79594.8632812
2912,81480.625
2913,37183.5410156
2914,114731.335938
2915,187984.789062
2916,33267.2705078
2917,289318.757812
2918,128682.742188
2919,85641.1875
2920,209738.476562
2921,51294.0078125
2922,189943.28125
2923,36967.7148438
2924,193643.859375
2925,36703.1728516
2926,223999.515625
2927,181268.117188
2928,235729.046875
2929,33903.4746094
2930,191479.726562
2931,485317.234375
2932,63374.265625
2933,129367.566406
2934,158522.984375
2935,146808.132812
2936,255420.117188
2937,36456.4433594
2938,68474.5292969
2939,166137.46875
2940,212699.671875
2941,404912.296875
2942,289767.28125
2943,31425.6953125
2944,67850.8085938
2945,107768.246094
2946,452956.84375
2947,86620.1601562
2948,119202.761719
2949,174927.351562
2950,306877.84375
2951,102805.191406
2952,71388.1816406
2953,121654.539062
2954,99756.0429688
2955,105274.496094
2956,100688.046875
2957,263044.679688
2958,150221.546875
2959,81734.1738281
2960,165528.1875
2961,46749.6152344
2962,89913.2929688
2963,309015.734375
2964,60083.5957031
2965,43620.6738281
2966,114232.304688
2967,122600.015625
2968,225303.71875
2969,352906.21875
2970,88792.4804688
2971,269024.703125
2972,207933.171875
2973,206525.6875
2974,110465.582031
2975,189644.6875
2976,213220.117188
2977,44031.9238281
2978,156308.105469
2979,49997.1933594
2980,59237.1738281
2981,42269.90625
2982,354931.625
2983,137222.644531
2984,54270.8457031
2985,59888.9980469
2986,34790.7734375
2987,24716.5175781
2988,55921.3066406
2989,350426.15625
2990,199431.648438
2991,21833.1552734
2992,116525.757812
2993,37812.4140625
2994,36329.2578125
2995,308536.109375
2996,136713.171875
2997,121928.066406
2998,49898.0546875
2999,56237.6035156
3000,118278.835938
